 0  1 10  9 90
 1  0  2 11 91
 2  1  3 12 92
 3  2  4 13 93
 4  3  5 14 94
 5  4  6 15 95
 6  5  7 16 96
 7  6  8 17 97
 8  7  9 18 98
 9  8 19  0 99
10  0 11 20 19
11 10 12  1 21
12 11 13  2 22
13 12 14  3 23
14 13 15  4 24
15 14 16  5 25
16 15 17  6 26
17 16 18  7 27
18 17 19  8 28
19 18  9 29 10
20 10 21 30 29
21 20 22 11 31
22 21 23 12 32
23 22 24 13 33
24 23 25 14 34
25 24 26 15 35
26 25 27 16 36
27 26 28 17 37
28 27 29 18 38
29 28 19 39 20
30 20 31 40 39
31 30 32 21 41
32 31 33 22 42
33 32 34 23 43
34 33 35 24 44
35 34 36 25 45
36 35 37 26 46
37 36 38 27 47
38 37 39 28 48
39 38 29 49 30
40 30 41 50 49
41 40 42 31 51
42 41 43 32 52
43 42 44 33 53
44 43 45 34 54
45 44 46 35 55
46 45 47 36 56
47 46 48 37 57
48 47 49 38 58
49 48 39 59 40
50 40 51 60 59
51 50 52 41 61
52 51 53 42 62
53 52 54 43 63
54 53 55 44 64
55 54 56 45 65
56 55 57 46 66
57 56 58 47 67
58 57 59 48 68
59 58 49 69 50
60 50 61 70 69
61 60 62 51 71
62 61 63 52 72
63 62 64 53 73
64 63 65 54 74
65 64 66 55 75
66 65 67 56 76
67 66 68 57 77
68 67 69 58 78
69 68 59 79 60
70 60 71 80 79
71 70 72 61 81
72 71 73 62 82
73 72 74 63 83
74 73 75 64 84
75 74 76 65 85
76 75 77 66 86
77 76 78 67 87
78 77 79 68 88
79 78 69 89 70
80 70 81 90 89
81 80 82 71 91
82 81 83 72 92
83 82 84 73 93
84 83 85 74 94
85 84 86 75 95
86 85 87 76 96
87 86 88 77 97
88 87 89 78 98
89 88 79 99 80
90 80 91  0 99
91 90 92 81  1
92 91 93 82  2
93 92 94 83  3
94 93 95 84  4
95 94 96 85  5
96 95 97 86  6
97 96 98 87  7
98 97 99 88  8
99 98 89  9 90