 0 90 10 19
 1 91 10 11
 2 92 11 12
 3 93 12 13
 4 94 13 14
 5 95 14 15
 6 96 15 16
 7 97 16 17
 8 98 17 18
 9 99 18 19
10  0  1 20
11  1  2 21
12  2  3 22
13  3  4 23
14  4  5 24
15  5  6 25
16  6  7 26
17  7  8 27
18  8  9 28
19  9  0 29
20 10 30 31
21 11 31 32
22 12 32 33
23 13 33 34
24 14 34 35
25 15 35 36
26 16 36 37
27 17 37 38
28 18 38 39
29 19 39 30
30 29 20 40
31 20 21 41
32 21 22 42
33 22 23 43
34 23 24 44
35 24 25 45
36 25 26 46
37 26 27 47
38 27 28 48
39 28 29 49
40 30 59 50
41 31 50 51
42 32 51 52
43 33 52 53
44 34 53 54
45 35 54 55
46 36 55 56
47 37 56 57
48 38 57 58
49 39 58 59
50 40 41 60
51 41 42 61
52 42 43 62
53 43 44 63
54 44 45 64
55 45 46 65
56 46 47 66
57 47 48 67
58 48 49 68
59 49 40 69
60 50 70 71
61 51 71 72
62 52 72 73
63 53 73 74
64 54 74 75
65 55 75 76
66 56 76 77
67 57 77 78
68 58 78 79
69 59 79 70
70 69 60 80
71 60 61 81
72 61 62 82
73 62 63 83
74 63 64 84
75 64 65 85
76 65 66 86
77 66 67 87
78 67 68 88
79 68 69 89
80 70 99 90
81 71 90 91
82 72 91 92
83 73 92 93
84 74 93 94
85 75 94 95
86 76 95 96
87 77 96 97
88 78 97 98
89 79 98 99
90 80 81  0
91 81 82  1
92 82 83  2
93 83 84  3
94 84 85  4
95 85 86  5
96 86 87  6
97 87 88  7
98 88 89  8
99 89 80  9